endgame_weight:0.460032
color:-0.238358
top_pst1:0.110385,0.020695,0.370617,0.195433,0.450182,-0.310350,-0.120537,-0.448704
top_pst2:0.014043,-0.094497,0.012803,-0.218822,-0.171202,-0.006614,0.242207,0.180055
top_pst3:-0.061923,0.055512,-0.146753,-0.642299,0.485456,0.151263,0.606490,-0.556985
square_pst:0.225740,0.222039,0.275726,0.324360,0.250230,0.293121,0.277586,0.379189,0.337153,0.417650,0.370677,0.256962,0.244977,0.469844,0.501870,0.521851,0.433391,0.358295,0.245481,0.470908,0.510341,0.522030,0.439097,0.357924,0.276607,0.372261,0.341605,0.434598,0.381293,0.267876,0.222873,0.222849,0.276387,0.325392,0.254354,0.279667
small:-0.034134,-0.112055,-0.174484,0.740461,-0.132290,-0.122296,-0.104062,0.085723,0.174571,0.168267,0.359387,-0.016701,0.161042,0.059704,0.055659,0.036918,-0.008702,-0.023712,-0.084061,0.094582
road_dist:-0.191980,-0.128866,0.167602,0.073109,-0.291492,0.019564,-0.011557,2.634302,2.870781,2.555023,2.343846,2.641850,-0.108166,-0.090522,0.058986,0.120658,0.203141,0.048385,0.110312,-0.169953,-0.048218,0.062711,0.101401,0.039504,0.102997,-0.226543,-0.144422,-0.050232,0.034731,0.055379,-0.060964,-0.134343,-0.093544,-0.074182,-0.051064,-0.019565
safety:-0.292049,-0.112983,-0.135023,-0.069767,-0.066816,-0.124454,-0.062025,-0.073464
mobility:-0.068436,-0.155482,-0.114804,-0.154185,0.629473,-0.172098,-0.171242,0.664010
reserve:-1.757496,-1.262183,-1.006930,-0.741888,-0.495322,-0.264230,-0.008504,0.230978,0.466631,0.770018,0.993799,1.241739,1.664704