endgame_weight:0.426071
color:-0.277253
top_pst1:-0.022498,-0.020695,-0.501002,-0.286139,-0.509177,0.449282,0.225192,0.510961
top_pst2:-0.082836,0.105559,-0.282667,0.215487,0.091672,0.304587,-0.209295,-0.112122
top_pst3:-0.133340,0.090367,0.344145,0.733599,0.699222,-0.382822,-0.721082,-0.764648
square_pst:-0.337999,-0.340825,-0.371523,-0.419585,-0.374502,-0.386794,-0.390558,-0.469399,-0.438456,-0.491173,-0.451490,-0.379295,-0.373784,-0.531323,-0.551410,-0.566080,-0.507650,-0.443056,-0.367832,-0.525902,-0.546967,-0.579096,-0.507928,-0.444330,-0.381775,-0.461677,-0.429198,-0.504799,-0.452381,-0.383885,-0.338532,-0.347986,-0.373967,-0.422760,-0.368441,-0.389498
small:-0.015530,-0.090646,-0.156240,0.619162,-0.206544,-0.133123,-0.141971,0.035667,0.112907,0.048629,0.288924,0.100655,0.184438,0.070728,0.067932,0.045461,-0.003159,-0.015653,-0.076676,0.063190
road_dist:-0.000603,0.045934,0.209831,0.199627,-0.093733,-0.111848,0.020621,2.651948,2.920347,2.797864,2.630696,3.022784,-0.055710,-0.108370,0.042807,0.091077,0.197375,0.018930,0.029734,-0.190761,-0.076258,0.028932,0.092331,0.015929,-0.219368,-0.265846,-0.179691,-0.071325,0.004669,0.022631,0.130681,-0.150877,-0.103892,-0.105962,-0.048544,-0.045886
safety:-0.031034,0.226852,0.311856,0.267859,-0.000083,0.298240,0.193988,-0.068137
mobility:-0.063624,0.755390,0.870745,-0.199186,-0.324449,0.875289,-0.145425,-0.269411
reserve:-1.258218,-0.933900,-0.755474,-0.538401,-0.360365,-0.210670,-0.007271,0.177341,0.357248,0.551558,0.732454,0.902083,1.151544